############################################################################################################
# This is the online data table for the paper H. Li et. al (2017, in prep)
# "SDSS-IV MaNGA: Discovery and properties of 38 galaxies with minor-axis rotation"
#
# Table title: MaNGAID, ra dec and parameters for the galaxies in Control M^*_{FR} sample
############################################################################################################
#  MaNGA ID  |    Ra    |    Dec   |  logM^*  |   Sigma  |Delta g-i|   Eps   |lambda_Re|logRe^maj|M^T_{1/2}|
#            |          |          |  M_sun   |L_sun/pc^2|         |         |         |  (kpc)  |  M_sun  |
#     (1)    |    (2)   |    (3)   |   (4)    |    (5)   |   (6)   |   (7)   |    (8)  |   (9)   |   (10)  |
############################################################################################################
12-84677      232.15807   42.44202    11.03       2.40      0.17      0.17      0.53      1.00      11.38  
12-129601     204.58628   26.75974    10.71       2.70      0.10      0.31      0.31      0.51      10.95  
1-321069      215.34655   47.91842    11.29       2.61      0.04      0.50      0.30      1.07      11.78  
1-320584      216.25614   47.95349    11.43       2.44      0.01      0.21      0.24      1.08      12.00  
1-562254      333.15074   11.75089    10.93       2.51      0.21      0.12      0.18      0.87      11.41  
1-258685      184.19393   44.67106    11.21       2.49      0.05      0.10      0.17      0.99      11.68  
1-277858      167.04968   42.11969    11.03       2.76      0.07      0.56      0.42      0.67      11.43  
1-277161      164.49713   40.82797    10.54       2.86      0.09      0.33      0.40      0.50      10.91  
1-278485      166.62199   41.03618    11.14       2.80      0.06      0.40      0.34      0.86      11.64  
1-256287      167.60275   43.82870    11.29       2.34      -0.01     0.23      0.32      1.07      11.81  
1-256009      167.10386   43.01296    11.18       2.43      0.09      0.34      0.34      0.98      11.65  
1-216779      134.27351   40.01371    11.47       2.08      0.28      0.15      0.28      1.28      12.21  
1-338090      111.87479   38.69964    11.11       2.39      0.15      0.34      0.65      1.04      11.64  
1-377508      112.42834   41.90121    11.09       2.44      0.14      0.16      0.37      0.95      11.72  
1-377787      113.59316   43.89128    10.91       2.57      0.11      0.40      0.42      0.88      11.44  
1-43099       114.87264   37.82051    11.11       2.35      0.12      0.18      0.27      1.07      11.70  
1-285729      203.89653   40.11109    11.18       2.55      0.21      0.11      0.25      0.93      11.41  
1-135129      247.28027   40.59103    10.83       2.61      0.05      0.64      0.62      0.90      11.08  
1-148086      156.69961   48.12904    11.35       2.38      0.22      0.34      0.49      1.20      12.03  
1-542327      245.52465   50.01685    11.27       2.68      0.13      0.60      0.55      1.00      11.61  
1-323055      237.88816   38.29944    10.66       2.81      0.08      0.24      0.30      0.48      10.99  
1-209607      236.29930   47.04972    11.17       2.55      0.05      0.43      0.30      1.01      11.72  
1-134634      243.18537   45.35201    10.80       2.69      0.22      0.52      0.45      0.65      11.31  
1-259650      196.61105   45.28900    11.47       2.18      0.11      0.38      0.37      1.31      11.90  
1-284293      197.23932   45.90545    11.21       2.32      0.14      0.18      0.22      1.11      11.60  
1-251278      209.23418   43.31348    11.26       2.26      0.17      0.11      0.19      1.13      11.90  
1-260377      207.56945   39.63643    11.46       2.19      0.05      0.08      0.18      1.21      12.02  
1-546834      256.67349   35.86958    11.06       2.68      0.07      0.23      0.36      0.71      11.31  
1-178533      259.79333   28.35812    11.30       2.37      0.04      0.06      0.20      1.13      11.80  
1-276590      162.98917   44.76013    11.30       2.07      0.29      0.27      0.68      1.33      12.01  
1-322768      235.05723   39.90414    11.42       2.24      0.23      0.45      0.40      1.24      11.99  
1-95657       253.63277   37.63139    10.95       2.44      0.10      0.08      0.15      0.80      11.03  
1-320337      211.47423   48.36555    11.29       2.51      0.05      0.11      0.18      0.92      11.73  
1-275340      161.26170   43.70476    11.02       2.51      0.17      0.31      0.53      0.78      11.36  
1-210785      246.76507   39.52739    10.96       2.50      0.03      0.18      0.37      0.85      11.29  
1-251279      209.25198   43.36203    10.92       2.71      0.15      0.21      0.51      0.75      11.18  
1-29726       355.89492   0.56783     11.34       2.71      0.10      0.41      0.32      0.98      11.82  
1-604907      119.92067   50.83997    10.55       2.83      -0.30     0.13      0.22      0.52      10.53  
1-232720      144.40098   38.27730    11.33       2.36      0.03      0.17      0.18      1.15      12.02  
1-460404      125.63423   18.74433    11.06       2.69      0.11      0.32      0.24      0.83      11.59  
1-245869      217.71278   53.90779    10.97       2.57      0.09      0.06      0.20      0.74      10.89  
1-394326      158.13180   36.36707    11.18       2.58      0.08      0.51      0.40      1.06      11.85  
1-270160      248.27462   26.21181    11.39       2.51      0.25      0.32      0.48      1.08      12.00  
1-569169      247.04817   39.82190    11.02       1.96      0.20      0.38      0.71      1.16      11.36  
1-556498      117.57035   27.85699    10.57       2.66      0.03      0.46      0.44      0.57      10.95  
1-37671        48.19662   -1.02285    11.02       2.36      0.27      0.18      0.36      0.99      11.51  
1-264158      234.24502   29.80890    10.79       2.93      0.23      0.75      0.51      0.68      11.10  
1-379030      119.10579   51.34457    10.57       2.48      0.08      0.16      0.35      0.64      10.92  
1-264108      235.31945   30.17774    11.34       2.19      0.23      0.11      0.38      1.13      11.90  
1-264488      237.15149   29.00190    11.02       2.14      0.09      0.15      0.38      1.14      11.37  
1-229012       57.11265   -0.78873    10.94       2.85      0.10      0.27      0.26      0.53      11.40  
1-121717      118.80343   35.59680    11.14       2.15      0.34      0.59      0.70      1.28      11.96  
1-591006      193.57923   27.06802    11.53       2.63      -0.05     0.30      0.25      1.06      11.80  
1-456610      194.87484   27.95645    11.04       2.04      -0.01     0.43      0.51      1.04      11.27  
1-491075      172.28198   21.58601    11.38       2.54      0.04      0.16      0.38      1.01      11.74  
1-163531      116.17928   22.67769    10.99       2.67      0.10      0.53      0.47      0.97      11.59  
1-167342      152.13007   46.05155    11.35       2.32      0.15      0.16      0.19      1.12      11.83  
1-613211      167.86185   22.97076    11.26       2.80      -0.03     0.19      0.47      0.76      11.60  
1-279329      171.24463   47.14351    11.16       2.45      0.10      0.54      0.58      1.04      11.57  
1-373011      222.03492   31.71035    10.72       2.52      0.44      0.47      0.37      0.72      11.01  
1-613949      169.82370   47.64836    11.14       2.27      0.12      0.08      0.38      1.03      11.34  
1-378770      119.12000   50.28787    11.53       1.99      0.36      0.09      0.23      1.40      12.21  
1-561016      258.38612   33.15304    11.37       2.63      0.09      0.11      0.21      0.97      11.90  
1-394404      157.18300   37.09180    11.02       2.44      0.13      0.41      0.63      0.92      11.36  
1-246027      219.39661   51.58313    11.18       2.09      0.14      0.07      0.14      1.05      11.24  
1-177145      254.77189   34.33648    11.34       2.38      0.07      0.09      0.20      1.09      11.83  
1-25676       261.84125   59.64380    10.83       2.53      0.04      0.38      0.35      0.74      11.03  
1-254546      155.27468   44.37770    11.15       2.52      0.21      0.15      0.25      0.88      11.38  
1-228997       57.24299   -0.52112    10.79       2.37      0.16      0.48      0.66      0.89      11.24  
1-166691      146.04735   42.90004    11.17       2.22      0.10      0.16      0.20      1.11      11.83  
1-258213      184.54379   44.40046    11.15       2.58      0.14      0.29      0.48      0.93      11.45  
1-245940      220.12682   50.99865    11.41       2.01      0.16      0.44      0.38      1.41      12.21  
1-373327      222.97627   31.28014    11.19       2.53      0.03      0.19      0.20      0.93      11.67  
1-38802        56.13165   0.00665     10.93       2.06      0.25      0.33      0.60      1.25      11.88  
1-55552       135.81821   56.62538    11.06       2.30      0.07      0.22      0.38      1.00      11.61  
1-576294      224.41492   53.00634    11.46       2.27      0.06      0.24      0.32      1.23      11.92  
1-94720       250.86361   43.35318    10.61       2.26      -0.00     0.10      0.24      0.82      10.52  
