############################################################################################################
# This is the online data table for the paper H. Li et. al (2017, in prep)
# "SDSS-IV MaNGA: Discovery and properties of 38 galaxies with minor-axis rotation"
#
# Table title: MaNGAID, ra dec and parameters for the galaxies in Control M^*_{ALL} sample
############################################################################################################
#  MaNGA ID  |    Ra    |    Dec   |  logM^*  |   Sigma  |Delta g-i|   Eps   |lambda_Re|logRe^maj|M^T_{1/2}|
#            |          |          |  M_sun   |L_sun/pc^2|         |         |         |  (kpc)  |  M_sun  |
#     (1)    |    (2)   |    (3)   |   (4)    |    (5)   |   (6)   |   (7)   |    (8)  |   (9)   |   (10)  |
############################################################################################################
12-84677      232.15807   42.44202    11.03       2.40      0.17      0.17      0.53      1.00      11.38  
12-84679      232.01387   42.81367    11.20       2.33      0.13      0.42      0.12      1.13      12.00  
12-129601     204.58628   26.75974    10.71       2.70      0.10      0.31      0.31      0.51      10.95  
1-235530      214.42210   45.46582    10.51       2.72      0.20      0.17      0.26      0.46      10.87  
1-266074      214.06021   43.92293    11.29       2.18      0.02      0.32      0.06      1.20      11.95  
1-265980      212.69842   43.60749    10.88       2.47      0.06      0.19      0.07      0.86      11.44  
1-285144      201.07392   47.38423    11.12       2.47      0.10      0.15      0.04      0.92      11.77  
1-234629      202.21721   49.48252    10.97       2.33      0.08      0.28      0.07      0.89      11.77  
1-46825       129.13794   54.04146    11.02       2.27      0.04      0.14      0.06      0.91      11.57  
1-564264      129.09877   52.71498    11.19       2.24      0.10      0.04      0.05      1.06      11.80  
1-605419      130.82174   52.75793    11.45       2.54      0.11      0.04      0.31      0.97      11.56  
1-156062      143.28805   49.05032    11.04       2.16      0.15      0.18      0.11      1.00      11.52  
1-156158      144.47599   50.98910    11.14       2.14      0.23      0.09      0.38      1.25      11.55  
1-321069      215.34655   47.91842    11.29       2.61      0.04      0.50      0.30      1.07      11.78  
1-320677      213.80936   47.74996    11.17       2.29      0.13      0.23      0.04      1.14      11.71  
1-321074      215.38506   47.96273    10.88       2.75      0.05      0.64      0.50      0.83      11.34  
1-320584      216.25614   47.95349    11.43       2.44      0.01      0.21      0.24      1.08      12.00  
1-320655      215.27486   48.30817    11.03       2.70      0.02      0.23      0.12      0.78      11.55  
1-24092       258.54848   57.97610    10.69       3.62      0.04      0.08      0.09      0.35      10.67  
1-596598      331.12290   12.44263    10.70       2.49      0.02      0.49      0.49      0.74      10.74  
1-114998      332.75635   12.37430    11.22       2.23      0.03      0.57      0.08      1.20      11.88  
1-114502      324.79932   11.93932    10.93       2.47      -0.04     0.08      0.04      0.83      11.44  
1-114171      323.29633   10.64420    11.35       2.59      -0.01     0.21      0.19      1.02      11.92  
1-114128      323.47060   10.43973    11.06       2.54      0.11      0.20      0.26      0.85      11.66  
1-550578      324.83365   10.54077    11.27       2.30      0.04      0.15      0.04      1.06      11.87  
1-281439      182.35628   46.54936    10.96       2.37      0.11      0.10      0.09      0.86      11.40  
1-258118      180.96440   45.35929    11.26       2.44      -0.00     0.32      0.07      1.08      11.92  
1-258685      184.19393   44.67106    11.21       2.49      0.05      0.10      0.17      0.99      11.68  
1-258477      183.15211   45.62520    11.34       2.60      -0.01     0.09      0.02      0.92      11.88  
1-558910      166.67355   42.81168    11.21       2.48      0.12      0.42      0.35      1.04      11.64  
1-256048      166.39903   42.94534    11.24       2.48      0.04      0.19      0.04      1.03      11.91  
1-278485      166.62199   41.03618    11.15       2.80      0.06      0.40      0.35      0.86      11.69  
1-277858      167.04968   42.11969    11.03       2.76      0.07      0.56      0.42      0.67      11.43  
1-38217        50.77200   0.35430     11.05       2.39      0.06      0.22      0.28      0.93      11.53  
1-558910      166.67355   42.81168    11.20       2.48      0.12      0.42      0.32      1.04      11.65  
1-277858      167.04968   42.11969    10.99       2.77      0.07      0.54      0.40      0.67      11.42  
1-155456      136.79385   46.21115    11.25       2.36      0.10      0.05      0.06      0.95      11.51  
1-137801      136.68646   44.26098    11.14       2.58      0.10      0.05      0.22      0.87      11.59  
1-137845      139.30886   44.48916    11.09       2.54      0.06      0.35      0.20      0.88      11.54  
1-256048      166.39903   42.94534    11.24       2.48      0.04      0.19      0.04      1.03      11.91  
1-277161      164.49713   40.82797    10.54       2.86      0.09      0.33      0.40      0.50      10.91  
1-278485      166.62199   41.03618    11.14       2.80      0.06      0.40      0.34      0.86      11.64  
1-558910      166.67355   42.81168    11.17       2.48      0.12      0.42      0.31      1.04      11.67  
1-587938      165.79592   41.70524    11.18       2.30      0.08      0.16      0.07      0.96      11.77  
1-256009      167.10386   43.01296    11.18       2.43      0.09      0.34      0.34      0.98      11.65  
1-256506      167.09624   44.15032    11.20       2.61      -0.01     0.05      0.23      0.90      11.57  
1-567187      145.53085   48.15487    11.01       2.39      0.23      0.43      0.47      0.97      11.48  
1-258007      179.59331   43.81527    10.85       2.72      0.09      0.14      0.21      0.69      10.86  
1-257854      178.93811   44.89546    11.36       2.37      0.03      0.22      0.17      1.09      11.94  
1-47705       130.99644   51.09026    11.40       2.14      -0.01     0.29      0.10      1.34      12.16  
1-48410       132.97774   52.90088    11.30       2.12      0.14      0.40      0.07      1.34      11.97  
1-277516      166.22852   46.97514    11.30       2.47      0.08      0.13      0.03      1.00      11.85  
1-277539      166.83200   46.38332    10.87       2.47      0.02      0.31      0.17      0.84      11.35  
1-256185      165.56870   44.27171    11.01       2.66      0.01      0.21      0.11      0.77      11.39  
1-137528      134.40495   41.04392    11.36       2.28      0.14      0.18      0.17      1.14      11.99  
1-216779      134.27351   40.01371    11.47       2.08      0.28      0.15      0.28      1.28      12.21  
1-216976      135.75897   40.43399    10.70       2.69      -0.08     0.04      0.03      0.67      10.77  
1-147602      151.72956   47.98411    11.05       2.35      0.06      0.06      0.08      0.92      11.65  
1-338283      112.67069   40.19179    11.43       2.06      0.07      0.27      0.10      1.33      12.19  
1-338060      112.07074   40.08411    11.28       2.54      0.03      0.19      0.15      0.93      11.80  
1-338090      111.87479   38.69964    11.11       2.39      0.15      0.34      0.65      1.04      11.64  
1-338044      111.97529   40.09199    11.49       2.05      -0.05     0.15      0.12      1.34      12.14  
1-338359      112.41670   41.07232    11.15       2.21      0.24      0.38      0.60      1.20      11.80  
1-377439      112.16943   41.47302    11.30       2.41      0.08      0.18      0.11      1.09      12.07  
1-339132      117.95015   46.05198    11.20       2.45      -0.04     0.25      0.08      0.93      11.58  
1-377626      110.45061   42.28631    10.88       2.51      0.09      0.28      0.40      0.78      11.36  
1-338633      113.25521   42.42512    10.61       2.66      0.15      0.47      0.18      0.63      11.10  
1-377508      112.42834   41.90121    11.09       2.44      0.14      0.16      0.37      0.95      11.72  
1-567948      113.28497   44.55097    11.17       2.37      0.14      0.25      0.05      1.09      11.87  
1-338934      114.96186   44.80434    10.92       1.75      0.31      0.40      0.14      1.17      11.69  
1-548074      114.39402   47.46396    11.08       2.34      0.11      0.33      0.04      1.02      11.77  
1-43718       116.78261   43.31407    11.23       2.62      0.12      0.04      0.19      0.82      11.59  
1-574402      115.36872   44.40879    11.14       2.31      0.21      0.15      0.45      1.07      11.49  
1-338822      115.63232   43.93552    11.44       1.89      0.15      0.28      0.07      1.42      12.10  
1-43723       116.70357   43.37484    10.97       2.62      0.13      0.47      0.42      0.84      11.36  
1-338851      115.25278   43.32613    11.16       2.28      0.07      0.13      0.04      1.08      11.84  
1-43721       116.96757   43.38350    11.45       2.06      0.14      0.04      0.45      1.23      11.92  
1-137801      136.68646   44.26098    11.15       2.62      0.10      0.15      0.19      0.85      11.59  
1-217041      137.44128   41.95587    11.36       2.00      0.02      0.03      0.07      1.32      12.32  
1-217022      136.08960   41.48173    10.82       2.58      0.20      0.22      0.05      0.60      11.07  
1-43773       117.41248   42.96707    10.74       2.56      0.06      0.05      0.21      0.66      11.07  
1-338152      112.97971   39.14013    11.26       2.22      0.03      0.45      0.04      1.18      11.87  
1-43099       114.87264   37.82051    11.11       2.35      0.12      0.18      0.27      1.07      11.70  
1-43241       114.00215   39.23354    11.07       2.67      0.13      0.50      0.33      0.95      11.71  
1-137845      139.30886   44.48916    11.09       2.55      0.06      0.37      0.20      0.89      11.54  
1-137844      139.42701   44.10069    10.92       2.29      0.30      0.29      0.34      0.85      11.32  
1-43741       117.30366   44.06504    10.60       2.20      0.14      0.31      0.10      0.77      11.27  
1-339092      117.41841   44.89602    11.08       2.30      0.04      0.23      0.03      1.00      11.59  
1-44549       120.44053   44.11005    11.13       2.16      -0.00     0.29      0.08      1.18      11.87  
1-254642      156.98851   43.31827    11.44       2.38      0.04      0.24      0.05      1.18      12.00  
1-274663      157.66052   44.01272    11.00       2.60      0.02      0.34      0.24      0.81      11.42  
1-254394      156.49832   42.52729    10.75       2.88      0.05      0.60      0.43      0.67      11.15  
1-285729      203.89653   40.11109    11.18       2.55      0.21      0.11      0.25      0.93      11.41  
1-405213      207.39001   38.71447    11.40       2.37      0.07      0.26      0.08      1.13      12.00  
1-148127      156.29802   47.73908    11.27       2.56      0.02      0.15      0.16      0.91      11.84  
1-91582       239.33915   54.67107    11.47       2.45      0.09      0.13      0.08      1.05      11.89  
1-576431      234.61407   46.30835    11.26       2.33      0.05      0.16      0.09      1.06      11.69  
1-134978      246.42637   43.93177    11.22       2.56      0.07      0.28      0.08      1.04      11.90  
1-594520      247.61210   40.72508    10.99       2.72      0.08      0.57      0.43      0.80      11.39  
1-135129      247.28027   40.59103    10.83       2.61      0.05      0.64      0.62      0.90      11.08  
1-178473      259.67383   27.94106    10.51       2.83      0.08      0.69      0.41      0.64      10.90  
1-260809      208.06375   40.14913    11.37       2.23      0.09      0.48      0.10      1.25      11.89  
1-92866       243.58182   50.46561    11.27       2.32      0.10      0.23      0.11      1.10      11.71  
1-402409      205.38602   38.78800    11.12       2.06      -0.01     0.07      0.10      1.18      11.82  
1-560826      236.16573   38.42536    11.20       2.68      -0.03     0.22      0.13      0.95      11.58  
1-148086      156.69961   48.12904    11.35       2.38      0.22      0.34      0.49      1.20      12.03  
1-542327      245.52465   50.01685    11.27       2.68      0.13      0.60      0.55      1.00      11.61  
1-209109      235.57481   48.21566    10.98       2.41      0.04      0.13      0.04      0.82      11.56  
1-92537       243.04400   47.90643    11.37       2.40      0.06      0.15      0.16      1.08      11.90  
1-210802      246.74901   39.32012    10.58       2.97      0.06      0.74      0.50      0.67      10.84  
1-135503      247.88211   39.89765    10.75       2.69      0.05      0.32      0.33      0.61      11.19  
1-633587      241.23561   41.35724    11.01       2.62      0.04      0.24      0.07      0.85      11.50  
1-547210      258.19022   36.27886    11.12       2.28      0.22      0.46      0.56      1.11      11.90  
1-94228       248.01827   47.76476    10.59       2.77      0.09      0.16      0.29      0.53      10.95  
1-284523      197.98310   46.90719    10.77       2.79      0.09      0.32      0.40      0.55      11.06  
1-91550       240.18670   53.77553    11.22       2.23      0.14      0.41      0.11      1.22      12.03  
1-93876       246.94294   44.17752    11.07       2.38      -0.01     0.09      0.09      1.02      11.69  
1-210701      247.84410   39.16783    10.80       2.92      0.09      0.68      0.48      0.62      11.19  
1-178442      260.46451   27.26468    11.17       2.65      0.02      0.41      0.17      0.92      11.72  
1-209049      236.09284   47.85358    11.25       2.55      0.01      0.14      0.04      1.00      11.82  
1-255890      163.24990   43.04861    11.18       2.35      0.17      0.31      0.04      1.13      11.86  
1-402487      203.27505   37.96674    10.79       2.50      0.08      0.11      0.20      0.68      11.00  
1-258599      186.18100   44.41077    11.34       2.47      0.27      0.25      0.15      1.04      12.08  
1-277992      168.09403   44.81604    11.26       2.51      0.03      0.31      0.04      1.02      11.90  
1-92771       243.42516   48.89922    11.00       2.61      0.07      0.26      0.12      0.86      11.51  
1-594483      247.08324   38.81141    11.02       2.71      0.05      0.03      0.08      0.68      11.29  
1-210323      243.76939   43.59551    11.50       2.41      0.03      0.04      0.05      1.08      11.92  
1-594528      247.72489   39.84757    10.93       2.77      0.12      0.53      0.55      0.80      11.39  
1-95825       254.09663   38.36347    10.63       2.98      0.24      0.60      0.57      0.56      11.01  
1-92774       243.40771   49.06941    10.77       2.70      0.05      0.09      0.18      0.57      11.18  
1-259650      196.61105   45.28900    11.47       2.18      0.11      0.38      0.37      1.31      11.90  
1-560832      234.44816   38.27560    10.76       2.56      -0.09     0.07      0.08      0.74      11.16  
1-633196      235.49128   48.55694    11.15       2.17      0.21      0.06      0.17      1.04      11.49  
1-284293      197.23932   45.90545    11.21       2.32      0.14      0.18      0.22      1.11      11.60  
1-251278      209.23418   43.31348    11.26       2.26      0.17      0.11      0.19      1.13      11.90  
1-523238      206.14424   23.79661    10.50       2.53      0.06      0.04      0.10      0.54      10.93  
1-260377      207.56945   39.63643    11.46       2.19      0.05      0.08      0.18      1.21      12.02  
1-92832       244.03013   49.29292    11.18       2.57      0.04      0.43      0.11      0.98      11.61  
1-94168       247.85650   46.32418    10.95       2.41      0.39      0.03      0.13      0.81      11.21  
1-210863      246.07346   39.21104    11.00       2.52      0.04      0.18      0.03      0.78      11.42  
1-136292      255.35005   37.38280    11.35       2.27      0.11      0.36      0.09      1.22      11.93  
1-546834      256.67349   35.86958    11.06       2.68      0.07      0.23      0.36      0.71      11.31  
1-178533      259.79333   28.35812    11.30       2.37      0.04      0.06      0.20      1.13      11.80  
1-22414       252.61893   64.02067    10.90       2.24      -0.28     0.02      0.05      1.04      11.50  
1-247449      232.88517   45.65760    10.66       2.73      0.01      0.18      0.34      0.52      10.97  
1-258750      186.06225   46.30176    10.54       2.68      0.09      0.71      0.53      0.66      10.80  
1-322768      235.05723   39.90414    11.42       2.24      0.23      0.45      0.40      1.24      11.99  
1-559041      203.03527   40.49991    10.62       2.42      0.09      0.18      0.37      0.67      11.03  
1-251739      215.96473   40.25883    11.56       2.15      0.06      0.27      0.06      1.30      12.21  
1-172962      156.73896   47.52433    11.29       2.44      0.04      0.21      0.09      1.03      11.68  
1-278015      167.87868   45.64313    10.79       2.51      0.06      0.44      0.05      0.87      11.37  
1-542414      243.49200   49.18961    11.32       2.43      0.04      0.27      0.09      1.02      11.77  
1-322096      229.49308   44.07958    11.08       2.30      0.15      0.27      0.19      1.09      11.78  
1-419288      183.99738   35.71737    11.41       2.23      0.08      0.21      0.05      1.25      12.19  
1-94971       252.43035   38.87272    11.33       2.49      0.08      0.28      0.04      1.03      11.83  
1-22298       253.42738   62.42000    10.85       2.17      0.16      0.29      0.16      0.96      11.37  
1-248328      239.85651   42.26346    11.28       2.57      0.03      0.17      0.12      0.94      11.65  
1-320337      211.47423   48.36555    11.29       2.51      0.05      0.11      0.18      0.92      11.73  
1-286274      208.59216   44.11556    10.96       2.53      0.22      0.36      0.44      0.88      11.36  
1-260743      208.39261   38.99660    11.35       2.15      0.06      0.05      0.05      1.22      12.09  
1-279123      169.66955   45.55273    11.37       2.30      0.09      0.27      0.08      1.20      11.92  
1-198600      229.05208   45.23306    11.20       2.50      0.04      0.32      0.22      0.97      11.72  
1-93908       247.33187   43.86338    11.20       2.57      0.14      0.25      0.07      0.89      11.54  
1-210784      247.09712   39.57030    10.88       2.41      0.06      0.12      0.22      0.76      11.22  
1-546912      256.15292   37.00759    11.10       2.51      0.03      0.20      0.06      0.97      11.71  
1-113647      319.81483   10.07063    11.08       2.48      0.12      0.19      0.27      0.85      11.65  
1-276563      163.68230   44.52729    10.58       2.52      0.16      0.26      0.22      0.67      10.96  
1-275340      161.26170   43.70476    11.02       2.51      0.17      0.31      0.53      0.78      11.36  
1-210785      246.76507   39.52739    10.96       2.50      0.03      0.18      0.37      0.85      11.29  
1-251775      215.21668   40.36212    11.43       2.27      0.06      0.32      0.06      1.21      12.04  
1-260458      206.06965   39.50915    10.99       2.55      0.05      0.51      0.07      0.89      11.43  
1-172936      156.43338   47.32649    11.42       2.34      0.06      0.18      0.04      1.08      11.99  
1-93876       246.94294   44.17752    11.08       2.35      -0.01     0.05      0.07      1.04      11.74  
1-209266      233.10750   48.83328    11.36       2.46      0.09      0.30      0.04      1.08      11.90  
1-134209      242.27647   46.67120    11.20       2.32      0.05      0.10      0.07      1.04      11.62  
1-134924      245.66202   43.46466    11.33       2.68      -0.01     0.31      0.14      0.83      11.65  
1-135134      247.22562   40.86661    10.71       2.26      0.04      0.12      0.38      0.77      10.88  
1-634274      253.57262   37.62238    11.46       2.45      0.04      0.13      0.04      1.04      11.89  
1-134884      245.19438   43.15321    11.52       2.09      0.08      0.37      0.06      1.40      12.29  
1-260744      208.06361   38.93508    10.92       2.77      0.08      0.16      0.27      0.65      11.46  
1-634538      256.36966   35.63467    11.06       2.79      0.12      0.13      0.32      0.68      11.39  
1-210774      246.98018   39.25882    10.98       2.42      0.06      0.34      0.21      0.89      11.46  
1-236745      234.88333   38.16372    11.45       2.31      0.06      0.35      0.05      1.15      11.91  
1-594386      244.34814   50.63593    11.36       2.28      0.04      0.11      0.05      1.05      11.76  
1-322113      229.30891   44.01803    11.06       2.26      0.15      0.15      0.17      1.07      11.75  
1-95120       250.40572   40.16349    11.28       2.75      0.03      0.55      0.12      0.95      11.68  
1-29726       355.89492   0.56783     11.34       2.71      0.10      0.41      0.32      0.98      11.82  
1-51970        57.90084   -6.45483    10.78       2.75      0.04      0.50      0.41      0.56      11.10  
1-43137       116.21292   39.86289    11.44       2.32      0.08      0.17      0.07      1.11      11.94  
1-545611      149.02507   46.15248    11.07       2.58      0.05      0.13      0.04      0.77      11.51  
1-232720      144.40098   38.27730    11.33       2.36      0.03      0.17      0.18      1.15      12.02  
1-490074      170.57260   23.27731    10.89       2.82      0.07      0.41      0.04      0.68      11.29  
1-71488       116.67872   36.07333    11.24       2.27      0.03      0.01      0.05      0.99      11.70  
1-339111      117.96446   46.06943    11.20       2.56      0.00      0.26      0.14      0.88      11.77  
1-460404      125.63423   18.74433    11.06       2.69      0.11      0.32      0.24      0.83      11.59  
1-210604      243.88065   41.40702    10.56       3.20      0.04      0.51      0.20      0.27      10.82  
1-569098      247.91908   42.44875    10.98       2.52      0.10      0.26      0.04      0.89      11.41  
1-149593      170.70810   51.20771    10.55       2.99      0.05      0.54      0.44      0.50      10.77  
1-316385      232.54283   29.00840    11.40       2.48      0.05      0.05      0.06      1.05      11.91  
1-542308      232.56336   56.83220    11.17       2.49      0.02      0.12      0.03      0.89      11.33  
1-180299      322.11524   0.18206     11.32       2.25      0.04      0.27      0.06      1.23      12.13  
1-48773       135.23651   54.95451    11.16       2.12      0.03      0.38      0.17      1.15      11.75  
1-384548      126.53561   23.73992    10.64       2.91      0.14      0.40      0.35      0.60      11.03  
1-586585      154.85845   44.40468    11.04       2.39      0.13      0.02      0.05      0.76      11.22  
1-94696       251.45849   43.86647    10.82       2.29      0.16      0.17      0.53      0.85      11.10  
1-205522      310.75705   1.13351     11.11       2.44      0.01      0.16      0.26      0.99      11.85  
1-52494        60.08380   -5.58524    11.32       2.23      0.09      0.25      0.07      1.22      12.04  
1-378428      116.52296   48.84797    10.79       2.67      0.06      0.11      0.05      0.64      11.17  
1-351746      122.51029   50.72084    11.30       2.45      0.04      0.18      0.06      1.02      11.78  
1-266288      215.44975   42.32786    11.28       2.08      0.11      0.33      0.10      1.26      12.16  
1-135664      249.33547   41.18898    10.72       2.62      0.16      0.29      0.44      0.67      11.03  
1-394326      158.13180   36.36707    11.18       2.58      0.08      0.51      0.40      1.06      11.85  
1-198182      224.74965   48.40986    11.10       2.86      0.07      0.35      0.40      0.72      11.44  
1-270160      248.27462   26.21181    11.39       2.51      0.25      0.32      0.48      1.08      12.00  
1-264054      236.60242   30.26698    10.91       2.85      0.08      0.53      0.40      0.65      11.35  
1-51938        57.69903   -7.02879    10.70       2.59      0.31      0.30      0.44      0.62      10.99  
1-121747      118.17371   35.32094    11.31       2.07      0.13      0.33      0.08      1.33      12.03  
1-210578      243.62321   41.58073    11.21       1.81      0.15      0.38      0.13      1.45      12.01  
1-44113       120.20641   44.69117    11.33       2.60      0.09      0.35      0.10      1.07      11.95  
1-378826      118.62567   51.12145    11.16       2.32      0.10      0.16      0.03      1.02      11.88  
1-379653      120.22184   55.56311    11.09       2.35      0.19      0.15      0.26      0.89      11.62  
1-94451       249.82988   42.18413    10.51       2.96      0.12      0.50      0.39      0.48      10.72  
1-145842      117.87004   27.20214    11.02       1.96      0.02      0.25      0.08      1.22      11.71  
1-180153      322.61231   -0.00676    11.61       2.16      0.07      0.16      0.06      1.37      12.36  
1-639152       58.29199   -5.49710    11.33       2.37      0.10      0.13      0.03      1.10      12.00  
1-488532      167.42166   21.74038    10.86       3.07      0.03      0.14      0.14      0.41      11.15  
1-38777        56.28419   -0.94710    11.29       2.42      -0.00     0.36      0.03      1.06      11.92  
1-146046      118.32396   27.46074    10.56       2.74      0.13      0.13      0.24      0.52      10.69  
1-604210       59.35509   -5.42067    11.27       2.47      0.05      0.23      0.10      1.03      11.81  
1-44091       120.21147   44.75226    11.32       2.44      0.06      0.17      0.06      1.02      11.88  
1-564239      133.79826   53.82832    11.25       2.37      0.07      0.04      0.08      1.09      12.01  
1-351815      119.99774   50.09694    11.23       2.60      0.10      0.14      0.14      0.91      11.82  
1-351692      121.42955   48.93378    10.80       2.82      0.04      0.25      0.26      0.60      11.37  
1-197218      213.83484   52.34590    11.36       2.29      0.04      0.28      0.10      1.22      12.05  
1-458209      206.08572   26.08419    10.53       2.45      0.03      0.22      0.22      0.68      10.79  
1-569263      216.73151   42.09605    11.49       2.51      0.03      0.28      0.19      1.11      12.10  
1-394382      157.65067   35.91661    11.54       2.44      0.02      0.20      0.11      1.14      12.10  
1-576188      169.47578   49.59338    11.11       2.56      0.12      0.38      0.35      0.97      11.69  
1-593971      235.14697   28.36065    11.16       2.89      -0.00     0.33      0.21      0.69      11.56  
1-176829      255.30706   33.51318    10.92       2.47      0.13      0.11      0.05      0.77      11.54  
1-167519      153.91468   44.65687    11.16       2.40      0.10      0.44      0.06      1.11      11.89  
1-289865      322.04858   0.29988     11.38       2.34      0.01      0.30      0.05      1.13      11.86  
1-634789      263.09891   55.41468    11.10       2.39      0.03      0.17      0.07      0.91      11.69  
1-256155      165.15396   44.09751    10.71       2.99      -0.02     0.54      0.42      0.54      10.95  
1-379660      119.97372   55.37482    10.58       2.82      0.16      0.33      0.42      0.54      10.86  
1-109521       54.59707   -1.18410    10.83       2.30      0.04      0.28      0.11      0.91      11.48  
1-36877        42.31808   -0.77411    11.29       2.29      0.07      0.02      0.06      1.07      11.98  
1-52367        58.81371   -5.34437    10.93       2.28      0.23      0.36      0.34      0.87      11.47  
1-491047      172.14317   21.01070    10.62       2.72      0.26      0.34      0.43      0.57      10.72  
1-245451      212.27864   53.46352    11.06       2.49      0.28      0.21      0.17      0.89      11.61  
1-210128      242.43811   42.43995    11.02       2.54      0.13      0.18      0.09      0.87      11.46  
1-251657      213.80704   41.67433    11.38       2.39      0.03      0.40      0.11      1.17      11.99  
1-197718      219.03122   49.72034    11.47       2.23      -0.00     0.23      0.05      1.25      12.11  
1-174036      171.30053   48.73579    11.17       2.18      0.09      0.17      0.07      1.13      11.81  
1-236081      226.31921   41.74145    11.13       2.37      0.08      0.25      0.05      1.06      11.73  
1-135117      246.93995   41.07271    10.97       2.70      0.09      0.52      0.43      0.77      11.30  
1-264108      235.31945   30.17774    11.34       2.19      0.23      0.11      0.38      1.13      11.90  
1-45108       121.96467   45.91823    10.71       2.97      0.15      0.28      0.21      0.49      10.97  
1-264488      237.15149   29.00190    11.02       2.14      0.09      0.15      0.38      1.14      11.37  
1-94514       248.24118   42.52467    11.24       2.48      0.02      0.25      0.03      0.99      11.66  
1-229012       57.11265   -0.78873    10.94       2.85      0.10      0.27      0.26      0.53      11.40  
1-94765       249.27465   44.26975    11.11       2.09      -0.12     0.15      0.06      1.12      11.69  
1-232516      143.46372   37.00336    11.12       2.52      0.08      0.16      0.06      0.94      11.61  
1-282527      185.57046   43.73635    10.54       2.34      0.08      0.38      0.34      0.74      11.16  
1-121717      118.80343   35.59680    11.14       2.15      0.34      0.59      0.70      1.28      11.96  
1-197063      212.95600   52.81671    11.41       2.51      -0.05     0.10      0.04      1.05      11.96  
1-405986      204.91204   27.40459    10.90       2.38      0.23      0.03      0.16      0.75      11.39  
1-236106      225.20350   41.16077    11.22       2.57      0.11      0.37      0.38      0.96      11.75  
1-591006      193.57923   27.06802    11.53       2.63      -0.05     0.30      0.25      1.06      11.80  
1-177135      255.63810   33.51664    11.67       2.41      0.03      0.11      0.06      1.20      12.28  
1-90192       233.71260   56.45108    11.19       2.65      0.02      0.10      0.07      0.85      11.51  
1-173903      166.31194   49.65891    11.29       2.70      0.02      0.02      0.08      0.86      11.69  
1-548172      118.62325   51.46766    11.08       2.33      0.12      0.01      0.16      1.02      11.82  
1-48053       132.59502   55.37874    11.24       2.62      0.04      0.40      0.07      0.93      11.67  
1-210614      244.50176   41.39219    11.39       2.17      0.02      0.30      0.11      1.20      11.91  
1-246177      219.47724   52.97852    11.30       2.35      0.10      0.11      0.19      1.08      11.87  
1-24293       262.68691   56.35198    10.95       2.78      0.09      0.59      0.56      0.81      11.27  
1-266074      214.06021   43.92293    11.45       2.00      0.08      0.25      0.06      1.34      12.04  
1-289864      322.21234   1.25827     11.41       2.49      0.06      0.41      0.14      1.08      11.92  
1-394355      157.69374   36.95462    11.07       2.57      0.07      0.17      0.15      0.84      11.42  
1-613755      169.30037   46.85987    11.17       2.79      0.05      0.35      0.37      0.86      11.59  
1-177617      257.56793   32.24011    11.00       2.68      0.07      0.14      0.10      0.66      11.43  
1-254532      154.76342   44.03303    11.31       2.21      0.22      0.09      0.09      1.22      11.95  
1-178695      310.44722   1.21310     10.99       2.47      0.06      0.19      0.13      0.82      11.48  
1-45016       122.25628   44.86853    11.19       2.46      0.05      0.20      0.05      0.95      11.65  
1-73028       125.73617   45.48594    11.21       2.63      0.08      0.39      0.07      0.87      11.67  
1-217499      146.29360   46.03670    11.09       2.37      0.06      0.14      0.04      1.05      11.75  
1-167342      152.13007   46.05155    11.35       2.32      0.15      0.16      0.19      1.12      11.83  
1-254717      156.35609   40.34832    11.12       2.58      0.09      0.33      0.08      0.95      11.82  
1-255963      165.01160   43.90507    10.98       2.56      0.07      0.31      0.08      0.92      11.53  
1-613211      167.86185   22.97076    11.26       2.80      -0.03     0.19      0.47      0.76      11.60  
1-167356      152.45855   45.85091    11.30       2.10      0.03      0.15      0.07      1.23      11.76  
1-94422       250.45320   41.81874    10.60       2.19      0.22      0.14      0.58      0.82      10.79  
1-298708      125.32220   25.49187    11.27       2.30      0.05      0.24      0.06      1.11      11.87  
1-279329      171.24463   47.14351    11.16       2.45      0.10      0.54      0.58      1.04      11.57  
1-236039      224.75252   43.40773    11.03       2.63      0.03      0.40      0.31      0.80      11.29  
1-456937      194.94644   27.71030    10.84       2.83      0.08      0.63      0.62      0.78      11.05  
1-264599      237.05682   29.91498    11.23       2.24      0.18      0.16      0.07      1.14      11.90  
1-568997      249.83895   45.09920    10.90       2.05      0.34      0.19      0.33      1.07      11.07  
1-373161      222.81007   30.69225    11.48       2.10      0.08      0.40      0.06      1.32      11.91  
1-255090      157.72327   41.22110    11.40       2.00      0.06      0.41      0.06      1.41      12.04  
1-279314      171.01332   47.97076    11.15       2.02      -0.00     0.10      0.10      1.21      11.98  
1-246203      220.85312   52.61453    11.06       2.61      0.15      0.24      0.43      0.80      11.52  
1-613949      169.82370   47.64836    11.14       2.27      0.12      0.08      0.38      1.03      11.34  
1-378770      119.12000   50.28787    11.53       1.99      0.36      0.09      0.23      1.40      12.21  
1-254691      157.52756   41.14010    11.07       1.91      -0.04     0.15      0.07      1.24      11.71  
1-207914      222.39456   52.96729    10.67       2.38      0.09      0.21      0.08      0.82      11.04  
1-266817      223.48581   41.35706    11.38       2.11      0.06      0.42      0.07      1.34      11.98  
1-561016      258.38612   33.15304    11.37       2.63      0.09      0.11      0.21      0.97      11.90  
1-72913       127.48937   44.94016    10.87       2.68      -0.04     0.19      0.03      0.77      11.45  
1-576333      222.14672   51.38558    11.30       1.89      0.11      0.16      0.08      1.30      11.95  
1-37679        48.57333   -0.60970    11.65       2.45      0.06      0.25      0.22      1.14      12.06  
1-202100       53.56491   -1.18229    11.27       1.95      0.03      0.42      0.08      1.39      12.12  
1-43374       116.49473   41.11940    11.13       2.34      0.04      0.08      0.04      0.93      11.57  
1-201464      118.30705   28.82830    11.16       2.36      0.12      0.45      0.45      1.09      11.82  
1-166932      146.78581   43.51048    10.99       2.46      0.04      0.08      0.03      0.86      11.55  
1-48884       135.60585   55.60923    11.47       2.29      0.12      0.25      0.26      1.17      11.75  
1-73184       127.52817   45.35175    11.52       1.81      0.12      0.01      0.18      1.45      12.25  
1-55529       136.62372   56.79639    11.29       2.43      0.08      0.49      0.05      1.13      11.79  
1-167356      152.45855   45.85091    11.29       2.10      0.03      0.15      0.07      1.23      11.75  
1-256234      167.05921   43.62482    11.44       2.40      0.14      0.02      0.11      1.03      11.86  
1-491229      172.60754   22.21653    11.23       2.32      0.02      0.06      0.30      0.96      11.37  
1-548622      119.27938   35.97968    11.36       2.15      0.09      0.12      0.07      1.25      12.10  
1-548221      118.54070   48.70890    10.99       2.74      0.08      0.36      0.28      0.80      11.55  
1-460463      125.88039   18.44816    11.12       2.24      0.13      0.26      0.12      1.07      11.86  
1-265849      214.82564   42.67423    11.20       2.25      0.02      0.17      0.05      1.16      12.02  
1-94604       251.33593   42.75779    10.53       2.35      0.35      0.08      0.30      0.70      10.54  
1-246027      219.39661   51.58313    11.18       2.09      0.14      0.07      0.14      1.05      11.24  
1-149270      168.30090   50.26459    11.42       2.01      0.10      0.11      0.09      1.33      12.12  
1-174074      170.28854   48.04165    11.46       2.02      0.12      0.34      0.10      1.39      12.32  
1-316296      233.96952   28.05523    11.14       2.39      0.04      0.21      0.04      1.05      11.76  
1-177145      254.77189   34.33648    11.34       2.38      0.07      0.09      0.20      1.09      11.83  
1-373219      222.21185   30.56435    10.83       1.94      0.08      0.16      0.40      1.06      11.15  
1-51886        58.48563   -7.07295    11.14       2.63      0.04      0.66      0.67      0.95      11.46  
1-488526      167.50928   21.98217    10.72       2.75      0.06      0.46      0.49      0.63      11.04  
1-392636      157.27361   35.97515    11.46       2.52      0.04      0.13      0.05      1.09      12.05  
1-632935      232.75466   28.88155    11.35       2.39      0.03      0.23      0.08      1.06      11.99  
1-197534      218.89725   50.18998    11.26       2.49      0.06      0.12      0.14      1.02      11.78  
1-245458      212.05735   53.88349    11.09       2.37      0.03      0.23      0.16      0.97      11.64  
1-489644      171.72545   21.29525    11.34       2.26      0.04      0.18      0.06      1.18      12.04  
1-316933      235.54015   28.25696    11.45       2.26      0.02      0.07      0.05      1.16      11.93  
1-351470      120.83615   48.58843    10.85       2.68      0.18      0.51      0.54      0.81      11.30  
1-36977        41.49319   -0.44918    10.61       2.55      0.11      0.27      0.43      0.59      10.96  
1-29851       356.53702   1.03033     11.08       1.99      0.02      0.40      0.07      1.23      11.80  
1-228997       57.24299   -0.52112    10.79       2.37      0.16      0.48      0.66      0.89      11.24  
1-38617        52.65084   -0.54877    11.20       2.28      0.04      0.29      0.05      1.10      11.88  
1-43349       116.38845   40.19010    11.01       2.33      0.11      0.15      0.14      0.91      11.58  
1-166691      146.04735   42.90004    11.17       2.22      0.10      0.16      0.20      1.11      11.83  
1-379214      119.60189   52.76854    10.83       2.33      0.40      0.37      0.57      0.75      11.29  
1-45370       122.64024   49.22023    11.20       1.97      -0.08     0.11      0.09      1.25      11.91  
1-245879      217.45207   53.96504    11.38       2.31      0.03      0.13      0.05      1.06      11.92  
1-245940      220.12682   50.99865    11.41       2.01      0.16      0.44      0.38      1.41      12.21  
1-48557       134.79977   54.04305    11.08       2.09      0.04      0.32      0.06      1.06      11.64  
1-24295       262.67637   56.63939    10.73       2.63      0.09      0.20      0.17      0.63      11.03  
1-217617      115.74027   22.04629    11.21       2.36      0.09      0.19      0.17      1.05      11.77  
1-166613      144.51600   42.97432    10.97       2.87      0.05      0.53      0.12      0.82      11.45  
1-51949        58.05244   -6.34894    11.34       2.60      0.07      0.38      0.07      0.99      11.79  
1-386272      135.41172   27.66745    11.18       2.10      0.21      0.09      0.06      1.18      11.90  
1-626979      205.23577   26.48672    11.33       1.97      0.10      0.21      0.07      1.30      11.94  
1-217854      117.57766   23.17823    11.37       2.38      0.05      0.13      0.04      1.12      12.12  
1-392010      154.63616   36.26215    10.55       2.74      0.06      0.17      0.27      0.60      10.94  
1-635590      321.05441   1.11838     11.32       2.76      0.05      0.39      0.10      0.89      11.83  
1-460293      126.33274   17.48204    11.09       2.52      0.04      0.09      0.04      0.90      11.55  
1-574519      127.17809   45.74256    10.62       2.19      0.15      0.42      0.40      0.86      10.86  
1-55552       135.81821   56.62538    11.06       2.30      0.07      0.22      0.38      1.00      11.61  
1-121598      119.11753   34.75253    11.40       2.22      0.03      0.16      0.06      1.15      12.04  
1-576294      224.41492   53.00634    11.46       2.27      0.06      0.24      0.32      1.23      11.92  
1-266328      215.07263   43.06280    11.25       2.06      0.07      0.34      0.07      1.30      12.14  
1-173904      166.15798   49.67579    11.16       2.26      0.04      0.09      0.09      1.10      11.94  
1-384065      125.94451   23.58931    11.05       2.41      0.14      0.17      0.11      0.96      11.65  
1-279252      170.14216   46.82450    11.35       2.33      0.05      0.11      0.07      1.03      11.82  
1-633969      246.85514   42.67971    11.36       2.26      0.03      0.26      0.04      1.12      11.87  
